0 0 0 0 0.700000 0.200000 0.000010 0.010000
0 0 0 1 0.700000 0.200000 0.000010 0.033145
0 0 0 2 0.700000 0.200000 0.000010 0.109856
0 0 0 3 0.700000 0.200000 0.000010 0.364113
0 0 0 4 0.700000 0.200000 0.000010 1.206835
0 0 0 5 0.700000 0.200000 0.000010 4.000000
0 0 1 0 0.700000 0.200000 0.000053 0.010000
0 0 1 1 0.700000 0.200000 0.000053 0.033145
0 0 1 2 0.700000 0.200000 0.000053 0.109856
0 0 1 3 0.700000 0.200000 0.000053 0.364113
0 0 1 4 0.700000 0.200000 0.000053 1.206835
0 0 1 5 0.700000 0.200000 0.000053 4.000000
0 0 2 0 0.700000 0.200000 0.000276 0.010000
0 0 2 1 0.700000 0.200000 0.000276 0.033145
0 0 2 2 0.700000 0.200000 0.000276 0.109856
0 0 2 3 0.700000 0.200000 0.000276 0.364113
0 0 2 4 0.700000 0.200000 0.000276 1.206835
0 0 2 5 0.700000 0.200000 0.000276 4.000000
0 0 3 0 0.700000 0.200000 0.001450 0.010000
0 0 3 1 0.700000 0.200000 0.001450 0.033145
0 0 3 2 0.700000 0.200000 0.001450 0.109856
0 0 3 3 0.700000 0.200000 0.001450 0.364113
0 0 3 4 0.700000 0.200000 0.001450 1.206835
0 0 3 5 0.700000 0.200000 0.001450 4.000000
0 0 4 0 0.700000 0.200000 0.007615 0.010000
0 0 4 1 0.700000 0.200000 0.007615 0.033145
0 0 4 2 0.700000 0.200000 0.007615 0.109856
0 0 4 3 0.700000 0.200000 0.007615 0.364113
0 0 4 4 0.700000 0.200000 0.007615 1.206835
0 0 4 5 0.700000 0.200000 0.007615 4.000000
0 0 5 0 0.700000 0.200000 0.040000 0.010000
0 0 5 1 0.700000 0.200000 0.040000 0.033145
0 0 5 2 0.700000 0.200000 0.040000 0.109856
0 0 5 3 0.700000 0.200000 0.040000 0.364113
0 0 5 4 0.700000 0.200000 0.040000 1.206835
0 0 5 5 0.700000 0.200000 0.040000 4.000000
0 1 0 0 0.700000 0.220000 0.000010 0.010000
0 1 0 1 0.700000 0.220000 0.000010 0.033145
0 1 0 2 0.700000 0.220000 0.000010 0.109856
0 1 0 3 0.700000 0.220000 0.000010 0.364113
0 1 0 4 0.700000 0.220000 0.000010 1.206835
0 1 0 5 0.700000 0.220000 0.000010 4.000000
0 1 1 0 0.700000 0.220000 0.000053 0.010000
0 1 1 1 0.700000 0.220000 0.000053 0.033145
0 1 1 2 0.700000 0.220000 0.000053 0.109856
0 1 1 3 0.700000 0.220000 0.000053 0.364113
0 1 1 4 0.700000 0.220000 0.000053 1.206835
0 1 1 5 0.700000 0.220000 0.000053 4.000000
0 1 2 0 0.700000 0.220000 0.000276 0.010000
0 1 2 1 0.700000 0.220000 0.000276 0.033145
0 1 2 2 0.700000 0.220000 0.000276 0.109856
0 1 2 3 0.700000 0.220000 0.000276 0.364113
0 1 2 4 0.700000 0.220000 0.000276 1.206835
0 1 2 5 0.700000 0.220000 0.000276 4.000000
0 1 3 0 0.700000 0.220000 0.001450 0.010000
0 1 3 1 0.700000 0.220000 0.001450 0.033145
0 1 3 2 0.700000 0.220000 0.001450 0.109856
0 1 3 3 0.700000 0.220000 0.001450 0.364113
0 1 3 4 0.700000 0.220000 0.001450 1.206835
0 1 3 5 0.700000 0.220000 0.001450 4.000000
0 1 4 0 0.700000 0.220000 0.007615 0.010000
0 1 4 1 0.700000 0.220000 0.007615 0.033145
0 1 4 2 0.700000 0.220000 0.007615 0.109856
0 1 4 3 0.700000 0.220000 0.007615 0.364113
0 1 4 4 0.700000 0.220000 0.007615 1.206835
0 1 4 5 0.700000 0.220000 0.007615 4.000000
0 1 5 0 0.700000 0.220000 0.040000 0.010000
0 1 5 1 0.700000 0.220000 0.040000 0.033145
0 1 5 2 0.700000 0.220000 0.040000 0.109856
0 1 5 3 0.700000 0.220000 0.040000 0.364113
0 1 5 4 0.700000 0.220000 0.040000 1.206835
0 1 5 5 0.700000 0.220000 0.040000 4.000000
0 2 0 0 0.700000 0.240000 0.000010 0.010000
0 2 0 1 0.700000 0.240000 0.000010 0.033145
0 2 0 2 0.700000 0.240000 0.000010 0.109856
0 2 0 3 0.700000 0.240000 0.000010 0.364113
0 2 0 4 0.700000 0.240000 0.000010 1.206835
0 2 0 5 0.700000 0.240000 0.000010 4.000000
0 2 1 0 0.700000 0.240000 0.000053 0.010000
0 2 1 1 0.700000 0.240000 0.000053 0.033145
0 2 1 2 0.700000 0.240000 0.000053 0.109856
0 2 1 3 0.700000 0.240000 0.000053 0.364113
0 2 1 4 0.700000 0.240000 0.000053 1.206835
0 2 1 5 0.700000 0.240000 0.000053 4.000000
0 2 2 0 0.700000 0.240000 0.000276 0.010000
0 2 2 1 0.700000 0.240000 0.000276 0.033145
0 2 2 2 0.700000 0.240000 0.000276 0.109856
0 2 2 3 0.700000 0.240000 0.000276 0.364113
0 2 2 4 0.700000 0.240000 0.000276 1.206835
0 2 2 5 0.700000 0.240000 0.000276 4.000000
0 2 3 0 0.700000 0.240000 0.001450 0.010000
0 2 3 1 0.700000 0.240000 0.001450 0.033145
0 2 3 2 0.700000 0.240000 0.001450 0.109856
0 2 3 3 0.700000 0.240000 0.001450 0.364113
0 2 3 4 0.700000 0.240000 0.001450 1.206835
0 2 3 5 0.700000 0.240000 0.001450 4.000000
0 2 4 0 0.700000 0.240000 0.007615 0.010000
0 2 4 1 0.700000 0.240000 0.007615 0.033145
0 2 4 2 0.700000 0.240000 0.007615 0.109856
0 2 4 3 0.700000 0.240000 0.007615 0.364113
0 2 4 4 0.700000 0.240000 0.007615 1.206835
0 2 4 5 0.700000 0.240000 0.007615 4.000000
0 2 5 0 0.700000 0.240000 0.040000 0.010000
0 2 5 1 0.700000 0.240000 0.040000 0.033145
0 2 5 2 0.700000 0.240000 0.040000 0.109856
0 2 5 3 0.700000 0.240000 0.040000 0.364113
0 2 5 4 0.700000 0.240000 0.040000 1.206835
0 2 5 5 0.700000 0.240000 0.040000 4.000000
0 3 0 0 0.700000 0.260000 0.000010 0.010000
0 3 0 1 0.700000 0.260000 0.000010 0.033145
0 3 0 2 0.700000 0.260000 0.000010 0.109856
0 3 0 3 0.700000 0.260000 0.000010 0.364113
0 3 0 4 0.700000 0.260000 0.000010 1.206835
0 3 0 5 0.700000 0.260000 0.000010 4.000000
0 3 1 0 0.700000 0.260000 0.000053 0.010000
0 3 1 1 0.700000 0.260000 0.000053 0.033145
0 3 1 2 0.700000 0.260000 0.000053 0.109856
0 3 1 3 0.700000 0.260000 0.000053 0.364113
0 3 1 4 0.700000 0.260000 0.000053 1.206835
0 3 1 5 0.700000 0.260000 0.000053 4.000000
0 3 2 0 0.700000 0.260000 0.000276 0.010000
0 3 2 1 0.700000 0.260000 0.000276 0.033145
0 3 2 2 0.700000 0.260000 0.000276 0.109856
0 3 2 3 0.700000 0.260000 0.000276 0.364113
0 3 2 4 0.700000 0.260000 0.000276 1.206835
0 3 2 5 0.700000 0.260000 0.000276 4.000000
0 3 3 0 0.700000 0.260000 0.001450 0.010000
0 3 3 1 0.700000 0.260000 0.001450 0.033145
0 3 3 2 0.700000 0.260000 0.001450 0.109856
0 3 3 3 0.700000 0.260000 0.001450 0.364113
0 3 3 4 0.700000 0.260000 0.001450 1.206835
0 3 3 5 0.700000 0.260000 0.001450 4.000000
0 3 4 0 0.700000 0.260000 0.007615 0.010000
0 3 4 1 0.700000 0.260000 0.007615 0.033145
0 3 4 2 0.700000 0.260000 0.007615 0.109856
0 3 4 3 0.700000 0.260000 0.007615 0.364113
0 3 4 4 0.700000 0.260000 0.007615 1.206835
0 3 4 5 0.700000 0.260000 0.007615 4.000000
0 3 5 0 0.700000 0.260000 0.040000 0.010000
0 3 5 1 0.700000 0.260000 0.040000 0.033145
0 3 5 2 0.700000 0.260000 0.040000 0.109856
0 3 5 3 0.700000 0.260000 0.040000 0.364113
0 3 5 4 0.700000 0.260000 0.040000 1.206835
0 3 5 5 0.700000 0.260000 0.040000 4.000000
0 4 0 0 0.700000 0.280000 0.000010 0.010000
0 4 0 1 0.700000 0.280000 0.000010 0.033145
0 4 0 2 0.700000 0.280000 0.000010 0.109856
0 4 0 3 0.700000 0.280000 0.000010 0.364113
0 4 0 4 0.700000 0.280000 0.000010 1.206835
0 4 0 5 0.700000 0.280000 0.000010 4.000000
0 4 1 0 0.700000 0.280000 0.000053 0.010000
0 4 1 1 0.700000 0.280000 0.000053 0.033145
0 4 1 2 0.700000 0.280000 0.000053 0.109856
0 4 1 3 0.700000 0.280000 0.000053 0.364113
0 4 1 4 0.700000 0.280000 0.000053 1.206835
0 4 1 5 0.700000 0.280000 0.000053 4.000000
0 4 2 0 0.700000 0.280000 0.000276 0.010000
0 4 2 1 0.700000 0.280000 0.000276 0.033145
0 4 2 2 0.700000 0.280000 0.000276 0.109856
0 4 2 3 0.700000 0.280000 0.000276 0.364113
0 4 2 4 0.700000 0.280000 0.000276 1.206835
0 4 2 5 0.700000 0.280000 0.000276 4.000000
0 4 3 0 0.700000 0.280000 0.001450 0.010000
0 4 3 1 0.700000 0.280000 0.001450 0.033145
0 4 3 2 0.700000 0.280000 0.001450 0.109856
0 4 3 3 0.700000 0.280000 0.001450 0.364113
0 4 3 4 0.700000 0.280000 0.001450 1.206835
0 4 3 5 0.700000 0.280000 0.001450 4.000000
0 4 4 0 0.700000 0.280000 0.007615 0.010000
0 4 4 1 0.700000 0.280000 0.007615 0.033145
0 4 4 2 0.700000 0.280000 0.007615 0.109856
0 4 4 3 0.700000 0.280000 0.007615 0.364113
0 4 4 4 0.700000 0.280000 0.007615 1.206835
0 4 4 5 0.700000 0.280000 0.007615 4.000000
0 4 5 0 0.700000 0.280000 0.040000 0.010000
0 4 5 1 0.700000 0.280000 0.040000 0.033145
0 4 5 2 0.700000 0.280000 0.040000 0.109856
0 4 5 3 0.700000 0.280000 0.040000 0.364113
0 4 5 4 0.700000 0.280000 0.040000 1.206835
0 4 5 5 0.700000 0.280000 0.040000 4.000000
0 5 0 0 0.700000 0.300000 0.000010 0.010000
0 5 0 1 0.700000 0.300000 0.000010 0.033145
0 5 0 2 0.700000 0.300000 0.000010 0.109856
0 5 0 3 0.700000 0.300000 0.000010 0.364113
0 5 0 4 0.700000 0.300000 0.000010 1.206835
0 5 0 5 0.700000 0.300000 0.000010 4.000000
0 5 1 0 0.700000 0.300000 0.000053 0.010000
0 5 1 1 0.700000 0.300000 0.000053 0.033145
0 5 1 2 0.700000 0.300000 0.000053 0.109856
0 5 1 3 0.700000 0.300000 0.000053 0.364113
0 5 1 4 0.700000 0.300000 0.000053 1.206835
0 5 1 5 0.700000 0.300000 0.000053 4.000000
0 5 2 0 0.700000 0.300000 0.000276 0.010000
0 5 2 1 0.700000 0.300000 0.000276 0.033145
0 5 2 2 0.700000 0.300000 0.000276 0.109856
0 5 2 3 0.700000 0.300000 0.000276 0.364113
0 5 2 4 0.700000 0.300000 0.000276 1.206835
0 5 2 5 0.700000 0.300000 0.000276 4.000000
0 5 3 0 0.700000 0.300000 0.001450 0.010000
0 5 3 1 0.700000 0.300000 0.001450 0.033145
0 5 3 2 0.700000 0.300000 0.001450 0.109856
0 5 3 3 0.700000 0.300000 0.001450 0.364113
0 5 3 4 0.700000 0.300000 0.001450 1.206835
0 5 3 5 0.700000 0.300000 0.001450 4.000000
0 5 4 0 0.700000 0.300000 0.007615 0.010000
0 5 4 1 0.700000 0.300000 0.007615 0.033145
0 5 4 2 0.700000 0.300000 0.007615 0.109856
0 5 4 3 0.700000 0.300000 0.007615 0.364113
0 5 4 4 0.700000 0.300000 0.007615 1.206835
0 5 4 5 0.700000 0.300000 0.007615 4.000000
0 5 5 0 0.700000 0.300000 0.040000 0.010000
0 5 5 1 0.700000 0.300000 0.040000 0.033145
0 5 5 2 0.700000 0.300000 0.040000 0.109856
0 5 5 3 0.700000 0.300000 0.040000 0.364113
0 5 5 4 0.700000 0.300000 0.040000 1.206835
0 5 5 5 0.700000 0.300000 0.040000 4.000000
1 0 0 0 1.010000 0.200000 0.000010 0.010000
1 0 0 1 1.010000 0.200000 0.000010 0.033145
1 0 0 2 1.010000 0.200000 0.000010 0.109856
1 0 0 3 1.010000 0.200000 0.000010 0.364113
1 0 0 4 1.010000 0.200000 0.000010 1.206835
1 0 0 5 1.010000 0.200000 0.000010 4.000000
1 0 1 0 1.010000 0.200000 0.000053 0.010000
1 0 1 1 1.010000 0.200000 0.000053 0.033145
1 0 1 2 1.010000 0.200000 0.000053 0.109856
1 0 1 3 1.010000 0.200000 0.000053 0.364113
1 0 1 4 1.010000 0.200000 0.000053 1.206835
1 0 1 5 1.010000 0.200000 0.000053 4.000000
1 0 2 0 1.010000 0.200000 0.000276 0.010000
1 0 2 1 1.010000 0.200000 0.000276 0.033145
1 0 2 2 1.010000 0.200000 0.000276 0.109856
1 0 2 3 1.010000 0.200000 0.000276 0.364113
1 0 2 4 1.010000 0.200000 0.000276 1.206835
1 0 2 5 1.010000 0.200000 0.000276 4.000000
1 0 3 0 1.010000 0.200000 0.001450 0.010000
1 0 3 1 1.010000 0.200000 0.001450 0.033145
1 0 3 2 1.010000 0.200000 0.001450 0.109856
1 0 3 3 1.010000 0.200000 0.001450 0.364113
1 0 3 4 1.010000 0.200000 0.001450 1.206835
1 0 3 5 1.010000 0.200000 0.001450 4.000000
1 0 4 0 1.010000 0.200000 0.007615 0.010000
1 0 4 1 1.010000 0.200000 0.007615 0.033145
1 0 4 2 1.010000 0.200000 0.007615 0.109856
1 0 4 3 1.010000 0.200000 0.007615 0.364113
1 0 4 4 1.010000 0.200000 0.007615 1.206835
1 0 4 5 1.010000 0.200000 0.007615 4.000000
1 0 5 0 1.010000 0.200000 0.040000 0.010000
1 0 5 1 1.010000 0.200000 0.040000 0.033145
1 0 5 2 1.010000 0.200000 0.040000 0.109856
1 0 5 3 1.010000 0.200000 0.040000 0.364113
1 0 5 4 1.010000 0.200000 0.040000 1.206835
1 0 5 5 1.010000 0.200000 0.040000 4.000000
1 1 0 0 1.010000 0.220000 0.000010 0.010000
1 1 0 1 1.010000 0.220000 0.000010 0.033145
1 1 0 2 1.010000 0.220000 0.000010 0.109856
1 1 0 3 1.010000 0.220000 0.000010 0.364113
1 1 0 4 1.010000 0.220000 0.000010 1.206835
1 1 0 5 1.010000 0.220000 0.000010 4.000000
1 1 1 0 1.010000 0.220000 0.000053 0.010000
1 1 1 1 1.010000 0.220000 0.000053 0.033145
1 1 1 2 1.010000 0.220000 0.000053 0.109856
1 1 1 3 1.010000 0.220000 0.000053 0.364113
1 1 1 4 1.010000 0.220000 0.000053 1.206835
1 1 1 5 1.010000 0.220000 0.000053 4.000000
1 1 2 0 1.010000 0.220000 0.000276 0.010000
1 1 2 1 1.010000 0.220000 0.000276 0.033145
1 1 2 2 1.010000 0.220000 0.000276 0.109856
1 1 2 3 1.010000 0.220000 0.000276 0.364113
1 1 2 4 1.010000 0.220000 0.000276 1.206835
1 1 2 5 1.010000 0.220000 0.000276 4.000000
1 1 3 0 1.010000 0.220000 0.001450 0.010000
1 1 3 1 1.010000 0.220000 0.001450 0.033145
1 1 3 2 1.010000 0.220000 0.001450 0.109856
1 1 3 3 1.010000 0.220000 0.001450 0.364113
1 1 3 4 1.010000 0.220000 0.001450 1.206835
1 1 3 5 1.010000 0.220000 0.001450 4.000000
1 1 4 0 1.010000 0.220000 0.007615 0.010000
1 1 4 1 1.010000 0.220000 0.007615 0.033145
1 1 4 2 1.010000 0.220000 0.007615 0.109856
1 1 4 3 1.010000 0.220000 0.007615 0.364113
1 1 4 4 1.010000 0.220000 0.007615 1.206835
1 1 4 5 1.010000 0.220000 0.007615 4.000000
1 1 5 0 1.010000 0.220000 0.040000 0.010000
1 1 5 1 1.010000 0.220000 0.040000 0.033145
1 1 5 2 1.010000 0.220000 0.040000 0.109856
1 1 5 3 1.010000 0.220000 0.040000 0.364113
1 1 5 4 1.010000 0.220000 0.040000 1.206835
1 1 5 5 1.010000 0.220000 0.040000 4.000000
1 2 0 0 1.010000 0.240000 0.000010 0.010000
1 2 0 1 1.010000 0.240000 0.000010 0.033145
1 2 0 2 1.010000 0.240000 0.000010 0.109856
1 2 0 3 1.010000 0.240000 0.000010 0.364113
1 2 0 4 1.010000 0.240000 0.000010 1.206835
1 2 0 5 1.010000 0.240000 0.000010 4.000000
1 2 1 0 1.010000 0.240000 0.000053 0.010000
1 2 1 1 1.010000 0.240000 0.000053 0.033145
1 2 1 2 1.010000 0.240000 0.000053 0.109856
1 2 1 3 1.010000 0.240000 0.000053 0.364113
1 2 1 4 1.010000 0.240000 0.000053 1.206835
1 2 1 5 1.010000 0.240000 0.000053 4.000000
1 2 2 0 1.010000 0.240000 0.000276 0.010000
1 2 2 1 1.010000 0.240000 0.000276 0.033145
1 2 2 2 1.010000 0.240000 0.000276 0.109856
1 2 2 3 1.010000 0.240000 0.000276 0.364113
1 2 2 4 1.010000 0.240000 0.000276 1.206835
1 2 2 5 1.010000 0.240000 0.000276 4.000000
1 2 3 0 1.010000 0.240000 0.001450 0.010000
1 2 3 1 1.010000 0.240000 0.001450 0.033145
1 2 3 2 1.010000 0.240000 0.001450 0.109856
1 2 3 3 1.010000 0.240000 0.001450 0.364113
1 2 3 4 1.010000 0.240000 0.001450 1.206835
1 2 3 5 1.010000 0.240000 0.001450 4.000000
1 2 4 0 1.010000 0.240000 0.007615 0.010000
1 2 4 1 1.010000 0.240000 0.007615 0.033145
1 2 4 2 1.010000 0.240000 0.007615 0.109856
1 2 4 3 1.010000 0.240000 0.007615 0.364113
1 2 4 4 1.010000 0.240000 0.007615 1.206835
1 2 4 5 1.010000 0.240000 0.007615 4.000000
1 2 5 0 1.010000 0.240000 0.040000 0.010000
1 2 5 1 1.010000 0.240000 0.040000 0.033145
1 2 5 2 1.010000 0.240000 0.040000 0.109856
1 2 5 3 1.010000 0.240000 0.040000 0.364113
1 2 5 4 1.010000 0.240000 0.040000 1.206835
1 2 5 5 1.010000 0.240000 0.040000 4.000000
1 3 0 0 1.010000 0.260000 0.000010 0.010000
1 3 0 1 1.010000 0.260000 0.000010 0.033145
1 3 0 2 1.010000 0.260000 0.000010 0.109856
1 3 0 3 1.010000 0.260000 0.000010 0.364113
1 3 0 4 1.010000 0.260000 0.000010 1.206835
1 3 0 5 1.010000 0.260000 0.000010 4.000000
1 3 1 0 1.010000 0.260000 0.000053 0.010000
1 3 1 1 1.010000 0.260000 0.000053 0.033145
1 3 1 2 1.010000 0.260000 0.000053 0.109856
1 3 1 3 1.010000 0.260000 0.000053 0.364113
1 3 1 4 1.010000 0.260000 0.000053 1.206835
1 3 1 5 1.010000 0.260000 0.000053 4.000000
1 3 2 0 1.010000 0.260000 0.000276 0.010000
1 3 2 1 1.010000 0.260000 0.000276 0.033145
1 3 2 2 1.010000 0.260000 0.000276 0.109856
1 3 2 3 1.010000 0.260000 0.000276 0.364113
1 3 2 4 1.010000 0.260000 0.000276 1.206835
1 3 2 5 1.010000 0.260000 0.000276 4.000000
1 3 3 0 1.010000 0.260000 0.001450 0.010000
1 3 3 1 1.010000 0.260000 0.001450 0.033145
1 3 3 2 1.010000 0.260000 0.001450 0.109856
1 3 3 3 1.010000 0.260000 0.001450 0.364113
1 3 3 4 1.010000 0.260000 0.001450 1.206835
1 3 3 5 1.010000 0.260000 0.001450 4.000000
1 3 4 0 1.010000 0.260000 0.007615 0.010000
1 3 4 1 1.010000 0.260000 0.007615 0.033145
1 3 4 2 1.010000 0.260000 0.007615 0.109856
1 3 4 3 1.010000 0.260000 0.007615 0.364113
1 3 4 4 1.010000 0.260000 0.007615 1.206835
1 3 4 5 1.010000 0.260000 0.007615 4.000000
1 3 5 0 1.010000 0.260000 0.040000 0.010000
1 3 5 1 1.010000 0.260000 0.040000 0.033145
1 3 5 2 1.010000 0.260000 0.040000 0.109856
1 3 5 3 1.010000 0.260000 0.040000 0.364113
1 3 5 4 1.010000 0.260000 0.040000 1.206835
1 3 5 5 1.010000 0.260000 0.040000 4.000000
1 4 0 0 1.010000 0.280000 0.000010 0.010000
1 4 0 1 1.010000 0.280000 0.000010 0.033145
1 4 0 2 1.010000 0.280000 0.000010 0.109856
1 4 0 3 1.010000 0.280000 0.000010 0.364113
1 4 0 4 1.010000 0.280000 0.000010 1.206835
1 4 0 5 1.010000 0.280000 0.000010 4.000000
1 4 1 0 1.010000 0.280000 0.000053 0.010000
1 4 1 1 1.010000 0.280000 0.000053 0.033145
1 4 1 2 1.010000 0.280000 0.000053 0.109856
1 4 1 3 1.010000 0.280000 0.000053 0.364113
1 4 1 4 1.010000 0.280000 0.000053 1.206835
1 4 1 5 1.010000 0.280000 0.000053 4.000000
1 4 2 0 1.010000 0.280000 0.000276 0.010000
1 4 2 1 1.010000 0.280000 0.000276 0.033145
1 4 2 2 1.010000 0.280000 0.000276 0.109856
1 4 2 3 1.010000 0.280000 0.000276 0.364113
1 4 2 4 1.010000 0.280000 0.000276 1.206835
1 4 2 5 1.010000 0.280000 0.000276 4.000000
1 4 3 0 1.010000 0.280000 0.001450 0.010000
1 4 3 1 1.010000 0.280000 0.001450 0.033145
1 4 3 2 1.010000 0.280000 0.001450 0.109856
1 4 3 3 1.010000 0.280000 0.001450 0.364113
1 4 3 4 1.010000 0.280000 0.001450 1.206835
1 4 3 5 1.010000 0.280000 0.001450 4.000000
1 4 4 0 1.010000 0.280000 0.007615 0.010000
1 4 4 1 1.010000 0.280000 0.007615 0.033145
1 4 4 2 1.010000 0.280000 0.007615 0.109856
1 4 4 3 1.010000 0.280000 0.007615 0.364113
1 4 4 4 1.010000 0.280000 0.007615 1.206835
1 4 4 5 1.010000 0.280000 0.007615 4.000000
1 4 5 0 1.010000 0.280000 0.040000 0.010000
1 4 5 1 1.010000 0.280000 0.040000 0.033145
1 4 5 2 1.010000 0.280000 0.040000 0.109856
1 4 5 3 1.010000 0.280000 0.040000 0.364113
1 4 5 4 1.010000 0.280000 0.040000 1.206835
1 4 5 5 1.010000 0.280000 0.040000 4.000000
1 5 0 0 1.010000 0.300000 0.000010 0.010000
1 5 0 1 1.010000 0.300000 0.000010 0.033145
1 5 0 2 1.010000 0.300000 0.000010 0.109856
1 5 0 3 1.010000 0.300000 0.000010 0.364113
1 5 0 4 1.010000 0.300000 0.000010 1.206835
1 5 0 5 1.010000 0.300000 0.000010 4.000000
1 5 1 0 1.010000 0.300000 0.000053 0.010000
1 5 1 1 1.010000 0.300000 0.000053 0.033145
1 5 1 2 1.010000 0.300000 0.000053 0.109856
1 5 1 3 1.010000 0.300000 0.000053 0.364113
1 5 1 4 1.010000 0.300000 0.000053 1.206835
1 5 1 5 1.010000 0.300000 0.000053 4.000000
1 5 2 0 1.010000 0.300000 0.000276 0.010000
1 5 2 1 1.010000 0.300000 0.000276 0.033145
1 5 2 2 1.010000 0.300000 0.000276 0.109856
1 5 2 3 1.010000 0.300000 0.000276 0.364113
1 5 2 4 1.010000 0.300000 0.000276 1.206835
1 5 2 5 1.010000 0.300000 0.000276 4.000000
1 5 3 0 1.010000 0.300000 0.001450 0.010000
1 5 3 1 1.010000 0.300000 0.001450 0.033145
1 5 3 2 1.010000 0.300000 0.001450 0.109856
1 5 3 3 1.010000 0.300000 0.001450 0.364113
1 5 3 4 1.010000 0.300000 0.001450 1.206835
1 5 3 5 1.010000 0.300000 0.001450 4.000000
1 5 4 0 1.010000 0.300000 0.007615 0.010000
1 5 4 1 1.010000 0.300000 0.007615 0.033145
1 5 4 2 1.010000 0.300000 0.007615 0.109856
1 5 4 3 1.010000 0.300000 0.007615 0.364113
1 5 4 4 1.010000 0.300000 0.007615 1.206835
1 5 4 5 1.010000 0.300000 0.007615 4.000000
1 5 5 0 1.010000 0.300000 0.040000 0.010000
1 5 5 1 1.010000 0.300000 0.040000 0.033145
1 5 5 2 1.010000 0.300000 0.040000 0.109856
1 5 5 3 1.010000 0.300000 0.040000 0.364113
1 5 5 4 1.010000 0.300000 0.040000 1.206835
1 5 5 5 1.010000 0.300000 0.040000 4.000000
2 0 0 0 1.320000 0.200000 0.000010 0.010000
2 0 0 1 1.320000 0.200000 0.000010 0.033145
2 0 0 2 1.320000 0.200000 0.000010 0.109856
2 0 0 3 1.320000 0.200000 0.000010 0.364113
2 0 0 4 1.320000 0.200000 0.000010 1.206835
2 0 0 5 1.320000 0.200000 0.000010 4.000000
2 0 1 0 1.320000 0.200000 0.000053 0.010000
2 0 1 1 1.320000 0.200000 0.000053 0.033145
2 0 1 2 1.320000 0.200000 0.000053 0.109856
2 0 1 3 1.320000 0.200000 0.000053 0.364113
2 0 1 4 1.320000 0.200000 0.000053 1.206835
2 0 1 5 1.320000 0.200000 0.000053 4.000000
2 0 2 0 1.320000 0.200000 0.000276 0.010000
2 0 2 1 1.320000 0.200000 0.000276 0.033145
2 0 2 2 1.320000 0.200000 0.000276 0.109856
2 0 2 3 1.320000 0.200000 0.000276 0.364113
2 0 2 4 1.320000 0.200000 0.000276 1.206835
2 0 2 5 1.320000 0.200000 0.000276 4.000000
2 0 3 0 1.320000 0.200000 0.001450 0.010000
2 0 3 1 1.320000 0.200000 0.001450 0.033145
2 0 3 2 1.320000 0.200000 0.001450 0.109856
2 0 3 3 1.320000 0.200000 0.001450 0.364113
2 0 3 4 1.320000 0.200000 0.001450 1.206835
2 0 3 5 1.320000 0.200000 0.001450 4.000000
2 0 4 0 1.320000 0.200000 0.007615 0.010000
2 0 4 1 1.320000 0.200000 0.007615 0.033145
2 0 4 2 1.320000 0.200000 0.007615 0.109856
2 0 4 3 1.320000 0.200000 0.007615 0.364113
2 0 4 4 1.320000 0.200000 0.007615 1.206835
2 0 4 5 1.320000 0.200000 0.007615 4.000000
2 0 5 0 1.320000 0.200000 0.040000 0.010000
2 0 5 1 1.320000 0.200000 0.040000 0.033145
2 0 5 2 1.320000 0.200000 0.040000 0.109856
2 0 5 3 1.320000 0.200000 0.040000 0.364113
2 0 5 4 1.320000 0.200000 0.040000 1.206835
2 0 5 5 1.320000 0.200000 0.040000 4.000000
2 1 0 0 1.320000 0.220000 0.000010 0.010000
2 1 0 1 1.320000 0.220000 0.000010 0.033145
2 1 0 2 1.320000 0.220000 0.000010 0.109856
2 1 0 3 1.320000 0.220000 0.000010 0.364113
2 1 0 4 1.320000 0.220000 0.000010 1.206835
2 1 0 5 1.320000 0.220000 0.000010 4.000000
2 1 1 0 1.320000 0.220000 0.000053 0.010000
2 1 1 1 1.320000 0.220000 0.000053 0.033145
2 1 1 2 1.320000 0.220000 0.000053 0.109856
2 1 1 3 1.320000 0.220000 0.000053 0.364113
2 1 1 4 1.320000 0.220000 0.000053 1.206835
2 1 1 5 1.320000 0.220000 0.000053 4.000000
2 1 2 0 1.320000 0.220000 0.000276 0.010000
2 1 2 1 1.320000 0.220000 0.000276 0.033145
2 1 2 2 1.320000 0.220000 0.000276 0.109856
2 1 2 3 1.320000 0.220000 0.000276 0.364113
2 1 2 4 1.320000 0.220000 0.000276 1.206835
2 1 2 5 1.320000 0.220000 0.000276 4.000000
2 1 3 0 1.320000 0.220000 0.001450 0.010000
2 1 3 1 1.320000 0.220000 0.001450 0.033145
2 1 3 2 1.320000 0.220000 0.001450 0.109856
2 1 3 3 1.320000 0.220000 0.001450 0.364113
2 1 3 4 1.320000 0.220000 0.001450 1.206835
2 1 3 5 1.320000 0.220000 0.001450 4.000000
2 1 4 0 1.320000 0.220000 0.007615 0.010000
2 1 4 1 1.320000 0.220000 0.007615 0.033145
2 1 4 2 1.320000 0.220000 0.007615 0.109856
2 1 4 3 1.320000 0.220000 0.007615 0.364113
2 1 4 4 1.320000 0.220000 0.007615 1.206835
2 1 4 5 1.320000 0.220000 0.007615 4.000000
2 1 5 0 1.320000 0.220000 0.040000 0.010000
2 1 5 1 1.320000 0.220000 0.040000 0.033145
2 1 5 2 1.320000 0.220000 0.040000 0.109856
2 1 5 3 1.320000 0.220000 0.040000 0.364113
2 1 5 4 1.320000 0.220000 0.040000 1.206835
2 1 5 5 1.320000 0.220000 0.040000 4.000000
2 2 0 0 1.320000 0.240000 0.000010 0.010000
2 2 0 1 1.320000 0.240000 0.000010 0.033145
2 2 0 2 1.320000 0.240000 0.000010 0.109856
2 2 0 3 1.320000 0.240000 0.000010 0.364113
2 2 0 4 1.320000 0.240000 0.000010 1.206835
2 2 0 5 1.320000 0.240000 0.000010 4.000000
2 2 1 0 1.320000 0.240000 0.000053 0.010000
2 2 1 1 1.320000 0.240000 0.000053 0.033145
2 2 1 2 1.320000 0.240000 0.000053 0.109856
2 2 1 3 1.320000 0.240000 0.000053 0.364113
2 2 1 4 1.320000 0.240000 0.000053 1.206835
2 2 1 5 1.320000 0.240000 0.000053 4.000000
2 2 2 0 1.320000 0.240000 0.000276 0.010000
2 2 2 1 1.320000 0.240000 0.000276 0.033145
2 2 2 2 1.320000 0.240000 0.000276 0.109856
2 2 2 3 1.320000 0.240000 0.000276 0.364113
2 2 2 4 1.320000 0.240000 0.000276 1.206835
2 2 2 5 1.320000 0.240000 0.000276 4.000000
2 2 3 0 1.320000 0.240000 0.001450 0.010000
2 2 3 1 1.320000 0.240000 0.001450 0.033145
2 2 3 2 1.320000 0.240000 0.001450 0.109856
2 2 3 3 1.320000 0.240000 0.001450 0.364113
2 2 3 4 1.320000 0.240000 0.001450 1.206835
2 2 3 5 1.320000 0.240000 0.001450 4.000000
2 2 4 0 1.320000 0.240000 0.007615 0.010000
2 2 4 1 1.320000 0.240000 0.007615 0.033145
2 2 4 2 1.320000 0.240000 0.007615 0.109856
2 2 4 3 1.320000 0.240000 0.007615 0.364113
2 2 4 4 1.320000 0.240000 0.007615 1.206835
2 2 4 5 1.320000 0.240000 0.007615 4.000000
2 2 5 0 1.320000 0.240000 0.040000 0.010000
2 2 5 1 1.320000 0.240000 0.040000 0.033145
2 2 5 2 1.320000 0.240000 0.040000 0.109856
2 2 5 3 1.320000 0.240000 0.040000 0.364113
2 2 5 4 1.320000 0.240000 0.040000 1.206835
2 2 5 5 1.320000 0.240000 0.040000 4.000000
2 3 0 0 1.320000 0.260000 0.000010 0.010000
2 3 0 1 1.320000 0.260000 0.000010 0.033145
2 3 0 2 1.320000 0.260000 0.000010 0.109856
2 3 0 3 1.320000 0.260000 0.000010 0.364113
2 3 0 4 1.320000 0.260000 0.000010 1.206835
2 3 0 5 1.320000 0.260000 0.000010 4.000000
2 3 1 0 1.320000 0.260000 0.000053 0.010000
2 3 1 1 1.320000 0.260000 0.000053 0.033145
2 3 1 2 1.320000 0.260000 0.000053 0.109856
2 3 1 3 1.320000 0.260000 0.000053 0.364113
2 3 1 4 1.320000 0.260000 0.000053 1.206835
2 3 1 5 1.320000 0.260000 0.000053 4.000000
2 3 2 0 1.320000 0.260000 0.000276 0.010000
2 3 2 1 1.320000 0.260000 0.000276 0.033145
2 3 2 2 1.320000 0.260000 0.000276 0.109856
2 3 2 3 1.320000 0.260000 0.000276 0.364113
2 3 2 4 1.320000 0.260000 0.000276 1.206835
2 3 2 5 1.320000 0.260000 0.000276 4.000000
2 3 3 0 1.320000 0.260000 0.001450 0.010000
2 3 3 1 1.320000 0.260000 0.001450 0.033145
2 3 3 2 1.320000 0.260000 0.001450 0.109856
2 3 3 3 1.320000 0.260000 0.001450 0.364113
2 3 3 4 1.320000 0.260000 0.001450 1.206835
2 3 3 5 1.320000 0.260000 0.001450 4.000000
2 3 4 0 1.320000 0.260000 0.007615 0.010000
2 3 4 1 1.320000 0.260000 0.007615 0.033145
2 3 4 2 1.320000 0.260000 0.007615 0.109856
2 3 4 3 1.320000 0.260000 0.007615 0.364113
2 3 4 4 1.320000 0.260000 0.007615 1.206835
2 3 4 5 1.320000 0.260000 0.007615 4.000000
2 3 5 0 1.320000 0.260000 0.040000 0.010000
2 3 5 1 1.320000 0.260000 0.040000 0.033145
2 3 5 2 1.320000 0.260000 0.040000 0.109856
2 3 5 3 1.320000 0.260000 0.040000 0.364113
2 3 5 4 1.320000 0.260000 0.040000 1.206835
2 3 5 5 1.320000 0.260000 0.040000 4.000000
2 4 0 0 1.320000 0.280000 0.000010 0.010000
2 4 0 1 1.320000 0.280000 0.000010 0.033145
2 4 0 2 1.320000 0.280000 0.000010 0.109856
2 4 0 3 1.320000 0.280000 0.000010 0.364113
2 4 0 4 1.320000 0.280000 0.000010 1.206835
2 4 0 5 1.320000 0.280000 0.000010 4.000000
2 4 1 0 1.320000 0.280000 0.000053 0.010000
2 4 1 1 1.320000 0.280000 0.000053 0.033145
2 4 1 2 1.320000 0.280000 0.000053 0.109856
2 4 1 3 1.320000 0.280000 0.000053 0.364113
2 4 1 4 1.320000 0.280000 0.000053 1.206835
2 4 1 5 1.320000 0.280000 0.000053 4.000000
2 4 2 0 1.320000 0.280000 0.000276 0.010000
2 4 2 1 1.320000 0.280000 0.000276 0.033145
2 4 2 2 1.320000 0.280000 0.000276 0.109856
2 4 2 3 1.320000 0.280000 0.000276 0.364113
2 4 2 4 1.320000 0.280000 0.000276 1.206835
2 4 2 5 1.320000 0.280000 0.000276 4.000000
2 4 3 0 1.320000 0.280000 0.001450 0.010000
2 4 3 1 1.320000 0.280000 0.001450 0.033145
2 4 3 2 1.320000 0.280000 0.001450 0.109856
2 4 3 3 1.320000 0.280000 0.001450 0.364113
2 4 3 4 1.320000 0.280000 0.001450 1.206835
2 4 3 5 1.320000 0.280000 0.001450 4.000000
2 4 4 0 1.320000 0.280000 0.007615 0.010000
2 4 4 1 1.320000 0.280000 0.007615 0.033145
2 4 4 2 1.320000 0.280000 0.007615 0.109856
2 4 4 3 1.320000 0.280000 0.007615 0.364113
2 4 4 4 1.320000 0.280000 0.007615 1.206835
2 4 4 5 1.320000 0.280000 0.007615 4.000000
2 4 5 0 1.320000 0.280000 0.040000 0.010000
2 4 5 1 1.320000 0.280000 0.040000 0.033145
2 4 5 2 1.320000 0.280000 0.040000 0.109856
2 4 5 3 1.320000 0.280000 0.040000 0.364113
2 4 5 4 1.320000 0.280000 0.040000 1.206835
2 4 5 5 1.320000 0.280000 0.040000 4.000000
2 5 0 0 1.320000 0.300000 0.000010 0.010000
2 5 0 1 1.320000 0.300000 0.000010 0.033145
2 5 0 2 1.320000 0.300000 0.000010 0.109856
2 5 0 3 1.320000 0.300000 0.000010 0.364113
2 5 0 4 1.320000 0.300000 0.000010 1.206835
2 5 0 5 1.320000 0.300000 0.000010 4.000000
2 5 1 0 1.320000 0.300000 0.000053 0.010000
2 5 1 1 1.320000 0.300000 0.000053 0.033145
2 5 1 2 1.320000 0.300000 0.000053 0.109856
2 5 1 3 1.320000 0.300000 0.000053 0.364113
2 5 1 4 1.320000 0.300000 0.000053 1.206835
2 5 1 5 1.320000 0.300000 0.000053 4.000000
2 5 2 0 1.320000 0.300000 0.000276 0.010000
2 5 2 1 1.320000 0.300000 0.000276 0.033145
2 5 2 2 1.320000 0.300000 0.000276 0.109856
2 5 2 3 1.320000 0.300000 0.000276 0.364113
2 5 2 4 1.320000 0.300000 0.000276 1.206835
2 5 2 5 1.320000 0.300000 0.000276 4.000000
2 5 3 0 1.320000 0.300000 0.001450 0.010000
2 5 3 1 1.320000 0.300000 0.001450 0.033145
2 5 3 2 1.320000 0.300000 0.001450 0.109856
2 5 3 3 1.320000 0.300000 0.001450 0.364113
2 5 3 4 1.320000 0.300000 0.001450 1.206835
2 5 3 5 1.320000 0.300000 0.001450 4.000000
2 5 4 0 1.320000 0.300000 0.007615 0.010000
2 5 4 1 1.320000 0.300000 0.007615 0.033145
2 5 4 2 1.320000 0.300000 0.007615 0.109856
2 5 4 3 1.320000 0.300000 0.007615 0.364113
2 5 4 4 1.320000 0.300000 0.007615 1.206835
2 5 4 5 1.320000 0.300000 0.007615 4.000000
2 5 5 0 1.320000 0.300000 0.040000 0.010000
2 5 5 1 1.320000 0.300000 0.040000 0.033145
2 5 5 2 1.320000 0.300000 0.040000 0.109856
2 5 5 3 1.320000 0.300000 0.040000 0.364113
2 5 5 4 1.320000 0.300000 0.040000 1.206835
2 5 5 5 1.320000 0.300000 0.040000 4.000000
3 0 0 0 1.630000 0.200000 0.000010 0.010000
3 0 0 1 1.630000 0.200000 0.000010 0.033145
3 0 0 2 1.630000 0.200000 0.000010 0.109856
3 0 0 3 1.630000 0.200000 0.000010 0.364113
3 0 0 4 1.630000 0.200000 0.000010 1.206835
3 0 0 5 1.630000 0.200000 0.000010 4.000000
3 0 1 0 1.630000 0.200000 0.000053 0.010000
3 0 1 1 1.630000 0.200000 0.000053 0.033145
3 0 1 2 1.630000 0.200000 0.000053 0.109856
3 0 1 3 1.630000 0.200000 0.000053 0.364113
3 0 1 4 1.630000 0.200000 0.000053 1.206835
3 0 1 5 1.630000 0.200000 0.000053 4.000000
3 0 2 0 1.630000 0.200000 0.000276 0.010000
3 0 2 1 1.630000 0.200000 0.000276 0.033145
3 0 2 2 1.630000 0.200000 0.000276 0.109856
3 0 2 3 1.630000 0.200000 0.000276 0.364113
3 0 2 4 1.630000 0.200000 0.000276 1.206835
3 0 2 5 1.630000 0.200000 0.000276 4.000000
3 0 3 0 1.630000 0.200000 0.001450 0.010000
3 0 3 1 1.630000 0.200000 0.001450 0.033145
3 0 3 2 1.630000 0.200000 0.001450 0.109856
3 0 3 3 1.630000 0.200000 0.001450 0.364113
3 0 3 4 1.630000 0.200000 0.001450 1.206835
3 0 3 5 1.630000 0.200000 0.001450 4.000000
3 0 4 0 1.630000 0.200000 0.007615 0.010000
3 0 4 1 1.630000 0.200000 0.007615 0.033145
3 0 4 2 1.630000 0.200000 0.007615 0.109856
3 0 4 3 1.630000 0.200000 0.007615 0.364113
3 0 4 4 1.630000 0.200000 0.007615 1.206835
3 0 4 5 1.630000 0.200000 0.007615 4.000000
3 0 5 0 1.630000 0.200000 0.040000 0.010000
3 0 5 1 1.630000 0.200000 0.040000 0.033145
3 0 5 2 1.630000 0.200000 0.040000 0.109856
3 0 5 3 1.630000 0.200000 0.040000 0.364113
3 0 5 4 1.630000 0.200000 0.040000 1.206835
3 0 5 5 1.630000 0.200000 0.040000 4.000000
3 1 0 0 1.630000 0.220000 0.000010 0.010000
3 1 0 1 1.630000 0.220000 0.000010 0.033145
3 1 0 2 1.630000 0.220000 0.000010 0.109856
3 1 0 3 1.630000 0.220000 0.000010 0.364113
3 1 0 4 1.630000 0.220000 0.000010 1.206835
3 1 0 5 1.630000 0.220000 0.000010 4.000000
3 1 1 0 1.630000 0.220000 0.000053 0.010000
3 1 1 1 1.630000 0.220000 0.000053 0.033145
3 1 1 2 1.630000 0.220000 0.000053 0.109856
3 1 1 3 1.630000 0.220000 0.000053 0.364113
3 1 1 4 1.630000 0.220000 0.000053 1.206835
3 1 1 5 1.630000 0.220000 0.000053 4.000000
3 1 2 0 1.630000 0.220000 0.000276 0.010000
3 1 2 1 1.630000 0.220000 0.000276 0.033145
3 1 2 2 1.630000 0.220000 0.000276 0.109856
3 1 2 3 1.630000 0.220000 0.000276 0.364113
3 1 2 4 1.630000 0.220000 0.000276 1.206835
3 1 2 5 1.630000 0.220000 0.000276 4.000000
3 1 3 0 1.630000 0.220000 0.001450 0.010000
3 1 3 1 1.630000 0.220000 0.001450 0.033145
3 1 3 2 1.630000 0.220000 0.001450 0.109856
3 1 3 3 1.630000 0.220000 0.001450 0.364113
3 1 3 4 1.630000 0.220000 0.001450 1.206835
3 1 3 5 1.630000 0.220000 0.001450 4.000000
3 1 4 0 1.630000 0.220000 0.007615 0.010000
3 1 4 1 1.630000 0.220000 0.007615 0.033145
3 1 4 2 1.630000 0.220000 0.007615 0.109856
3 1 4 3 1.630000 0.220000 0.007615 0.364113
3 1 4 4 1.630000 0.220000 0.007615 1.206835
3 1 4 5 1.630000 0.220000 0.007615 4.000000
3 1 5 0 1.630000 0.220000 0.040000 0.010000
3 1 5 1 1.630000 0.220000 0.040000 0.033145
3 1 5 2 1.630000 0.220000 0.040000 0.109856
3 1 5 3 1.630000 0.220000 0.040000 0.364113
3 1 5 4 1.630000 0.220000 0.040000 1.206835
3 1 5 5 1.630000 0.220000 0.040000 4.000000
3 2 0 0 1.630000 0.240000 0.000010 0.010000
3 2 0 1 1.630000 0.240000 0.000010 0.033145
3 2 0 2 1.630000 0.240000 0.000010 0.109856
3 2 0 3 1.630000 0.240000 0.000010 0.364113
3 2 0 4 1.630000 0.240000 0.000010 1.206835
3 2 0 5 1.630000 0.240000 0.000010 4.000000
3 2 1 0 1.630000 0.240000 0.000053 0.010000
3 2 1 1 1.630000 0.240000 0.000053 0.033145
3 2 1 2 1.630000 0.240000 0.000053 0.109856
3 2 1 3 1.630000 0.240000 0.000053 0.364113
3 2 1 4 1.630000 0.240000 0.000053 1.206835
3 2 1 5 1.630000 0.240000 0.000053 4.000000
3 2 2 0 1.630000 0.240000 0.000276 0.010000
3 2 2 1 1.630000 0.240000 0.000276 0.033145
3 2 2 2 1.630000 0.240000 0.000276 0.109856
3 2 2 3 1.630000 0.240000 0.000276 0.364113
3 2 2 4 1.630000 0.240000 0.000276 1.206835
3 2 2 5 1.630000 0.240000 0.000276 4.000000
3 2 3 0 1.630000 0.240000 0.001450 0.010000
3 2 3 1 1.630000 0.240000 0.001450 0.033145
3 2 3 2 1.630000 0.240000 0.001450 0.109856
3 2 3 3 1.630000 0.240000 0.001450 0.364113
3 2 3 4 1.630000 0.240000 0.001450 1.206835
3 2 3 5 1.630000 0.240000 0.001450 4.000000
3 2 4 0 1.630000 0.240000 0.007615 0.010000
3 2 4 1 1.630000 0.240000 0.007615 0.033145
3 2 4 2 1.630000 0.240000 0.007615 0.109856
3 2 4 3 1.630000 0.240000 0.007615 0.364113
3 2 4 4 1.630000 0.240000 0.007615 1.206835
3 2 4 5 1.630000 0.240000 0.007615 4.000000
3 2 5 0 1.630000 0.240000 0.040000 0.010000
3 2 5 1 1.630000 0.240000 0.040000 0.033145
3 2 5 2 1.630000 0.240000 0.040000 0.109856
3 2 5 3 1.630000 0.240000 0.040000 0.364113
3 2 5 4 1.630000 0.240000 0.040000 1.206835
3 2 5 5 1.630000 0.240000 0.040000 4.000000
3 3 0 0 1.630000 0.260000 0.000010 0.010000
3 3 0 1 1.630000 0.260000 0.000010 0.033145
3 3 0 2 1.630000 0.260000 0.000010 0.109856
3 3 0 3 1.630000 0.260000 0.000010 0.364113
3 3 0 4 1.630000 0.260000 0.000010 1.206835
3 3 0 5 1.630000 0.260000 0.000010 4.000000
3 3 1 0 1.630000 0.260000 0.000053 0.010000
3 3 1 1 1.630000 0.260000 0.000053 0.033145
3 3 1 2 1.630000 0.260000 0.000053 0.109856
3 3 1 3 1.630000 0.260000 0.000053 0.364113
3 3 1 4 1.630000 0.260000 0.000053 1.206835
3 3 1 5 1.630000 0.260000 0.000053 4.000000
3 3 2 0 1.630000 0.260000 0.000276 0.010000
3 3 2 1 1.630000 0.260000 0.000276 0.033145
3 3 2 2 1.630000 0.260000 0.000276 0.109856
3 3 2 3 1.630000 0.260000 0.000276 0.364113
3 3 2 4 1.630000 0.260000 0.000276 1.206835
3 3 2 5 1.630000 0.260000 0.000276 4.000000
3 3 3 0 1.630000 0.260000 0.001450 0.010000
3 3 3 1 1.630000 0.260000 0.001450 0.033145
3 3 3 2 1.630000 0.260000 0.001450 0.109856
3 3 3 3 1.630000 0.260000 0.001450 0.364113
3 3 3 4 1.630000 0.260000 0.001450 1.206835
3 3 3 5 1.630000 0.260000 0.001450 4.000000
3 3 4 0 1.630000 0.260000 0.007615 0.010000
3 3 4 1 1.630000 0.260000 0.007615 0.033145
3 3 4 2 1.630000 0.260000 0.007615 0.109856
3 3 4 3 1.630000 0.260000 0.007615 0.364113
3 3 4 4 1.630000 0.260000 0.007615 1.206835
3 3 4 5 1.630000 0.260000 0.007615 4.000000
3 3 5 0 1.630000 0.260000 0.040000 0.010000
3 3 5 1 1.630000 0.260000 0.040000 0.033145
3 3 5 2 1.630000 0.260000 0.040000 0.109856
3 3 5 3 1.630000 0.260000 0.040000 0.364113
3 3 5 4 1.630000 0.260000 0.040000 1.206835
3 3 5 5 1.630000 0.260000 0.040000 4.000000
3 4 0 0 1.630000 0.280000 0.000010 0.010000
3 4 0 1 1.630000 0.280000 0.000010 0.033145
3 4 0 2 1.630000 0.280000 0.000010 0.109856
3 4 0 3 1.630000 0.280000 0.000010 0.364113
3 4 0 4 1.630000 0.280000 0.000010 1.206835
3 4 0 5 1.630000 0.280000 0.000010 4.000000
3 4 1 0 1.630000 0.280000 0.000053 0.010000
3 4 1 1 1.630000 0.280000 0.000053 0.033145
3 4 1 2 1.630000 0.280000 0.000053 0.109856
3 4 1 3 1.630000 0.280000 0.000053 0.364113
3 4 1 4 1.630000 0.280000 0.000053 1.206835
3 4 1 5 1.630000 0.280000 0.000053 4.000000
3 4 2 0 1.630000 0.280000 0.000276 0.010000
3 4 2 1 1.630000 0.280000 0.000276 0.033145
3 4 2 2 1.630000 0.280000 0.000276 0.109856
3 4 2 3 1.630000 0.280000 0.000276 0.364113
3 4 2 4 1.630000 0.280000 0.000276 1.206835
3 4 2 5 1.630000 0.280000 0.000276 4.000000
3 4 3 0 1.630000 0.280000 0.001450 0.010000
3 4 3 1 1.630000 0.280000 0.001450 0.033145
3 4 3 2 1.630000 0.280000 0.001450 0.109856
3 4 3 3 1.630000 0.280000 0.001450 0.364113
3 4 3 4 1.630000 0.280000 0.001450 1.206835
3 4 3 5 1.630000 0.280000 0.001450 4.000000
3 4 4 0 1.630000 0.280000 0.007615 0.010000
3 4 4 1 1.630000 0.280000 0.007615 0.033145
3 4 4 2 1.630000 0.280000 0.007615 0.109856
3 4 4 3 1.630000 0.280000 0.007615 0.364113
3 4 4 4 1.630000 0.280000 0.007615 1.206835
3 4 4 5 1.630000 0.280000 0.007615 4.000000
3 4 5 0 1.630000 0.280000 0.040000 0.010000
3 4 5 1 1.630000 0.280000 0.040000 0.033145
3 4 5 2 1.630000 0.280000 0.040000 0.109856
3 4 5 3 1.630000 0.280000 0.040000 0.364113
3 4 5 4 1.630000 0.280000 0.040000 1.206835
3 4 5 5 1.630000 0.280000 0.040000 4.000000
3 5 0 0 1.630000 0.300000 0.000010 0.010000
3 5 0 1 1.630000 0.300000 0.000010 0.033145
3 5 0 2 1.630000 0.300000 0.000010 0.109856
3 5 0 3 1.630000 0.300000 0.000010 0.364113
3 5 0 4 1.630000 0.300000 0.000010 1.206835
3 5 0 5 1.630000 0.300000 0.000010 4.000000
3 5 1 0 1.630000 0.300000 0.000053 0.010000
3 5 1 1 1.630000 0.300000 0.000053 0.033145
3 5 1 2 1.630000 0.300000 0.000053 0.109856
3 5 1 3 1.630000 0.300000 0.000053 0.364113
3 5 1 4 1.630000 0.300000 0.000053 1.206835
3 5 1 5 1.630000 0.300000 0.000053 4.000000
3 5 2 0 1.630000 0.300000 0.000276 0.010000
3 5 2 1 1.630000 0.300000 0.000276 0.033145
3 5 2 2 1.630000 0.300000 0.000276 0.109856
3 5 2 3 1.630000 0.300000 0.000276 0.364113
3 5 2 4 1.630000 0.300000 0.000276 1.206835
3 5 2 5 1.630000 0.300000 0.000276 4.000000
3 5 3 0 1.630000 0.300000 0.001450 0.010000
3 5 3 1 1.630000 0.300000 0.001450 0.033145
3 5 3 2 1.630000 0.300000 0.001450 0.109856
3 5 3 3 1.630000 0.300000 0.001450 0.364113
3 5 3 4 1.630000 0.300000 0.001450 1.206835
3 5 3 5 1.630000 0.300000 0.001450 4.000000
3 5 4 0 1.630000 0.300000 0.007615 0.010000
3 5 4 1 1.630000 0.300000 0.007615 0.033145
3 5 4 2 1.630000 0.300000 0.007615 0.109856
3 5 4 3 1.630000 0.300000 0.007615 0.364113
3 5 4 4 1.630000 0.300000 0.007615 1.206835
3 5 4 5 1.630000 0.300000 0.007615 4.000000
3 5 5 0 1.630000 0.300000 0.040000 0.010000
3 5 5 1 1.630000 0.300000 0.040000 0.033145
3 5 5 2 1.630000 0.300000 0.040000 0.109856
3 5 5 3 1.630000 0.300000 0.040000 0.364113
3 5 5 4 1.630000 0.300000 0.040000 1.206835
3 5 5 5 1.630000 0.300000 0.040000 4.000000
4 0 0 0 1.940000 0.200000 0.000010 0.010000
4 0 0 1 1.940000 0.200000 0.000010 0.033145
4 0 0 2 1.940000 0.200000 0.000010 0.109856
4 0 0 3 1.940000 0.200000 0.000010 0.364113
4 0 0 4 1.940000 0.200000 0.000010 1.206835
4 0 0 5 1.940000 0.200000 0.000010 4.000000
4 0 1 0 1.940000 0.200000 0.000053 0.010000
4 0 1 1 1.940000 0.200000 0.000053 0.033145
4 0 1 2 1.940000 0.200000 0.000053 0.109856
4 0 1 3 1.940000 0.200000 0.000053 0.364113
4 0 1 4 1.940000 0.200000 0.000053 1.206835
4 0 1 5 1.940000 0.200000 0.000053 4.000000
4 0 2 0 1.940000 0.200000 0.000276 0.010000
4 0 2 1 1.940000 0.200000 0.000276 0.033145
4 0 2 2 1.940000 0.200000 0.000276 0.109856
4 0 2 3 1.940000 0.200000 0.000276 0.364113
4 0 2 4 1.940000 0.200000 0.000276 1.206835
4 0 2 5 1.940000 0.200000 0.000276 4.000000
4 0 3 0 1.940000 0.200000 0.001450 0.010000
4 0 3 1 1.940000 0.200000 0.001450 0.033145
4 0 3 2 1.940000 0.200000 0.001450 0.109856
4 0 3 3 1.940000 0.200000 0.001450 0.364113
4 0 3 4 1.940000 0.200000 0.001450 1.206835
4 0 3 5 1.940000 0.200000 0.001450 4.000000
4 0 4 0 1.940000 0.200000 0.007615 0.010000
4 0 4 1 1.940000 0.200000 0.007615 0.033145
4 0 4 2 1.940000 0.200000 0.007615 0.109856
4 0 4 3 1.940000 0.200000 0.007615 0.364113
4 0 4 4 1.940000 0.200000 0.007615 1.206835
4 0 4 5 1.940000 0.200000 0.007615 4.000000
4 0 5 0 1.940000 0.200000 0.040000 0.010000
4 0 5 1 1.940000 0.200000 0.040000 0.033145
4 0 5 2 1.940000 0.200000 0.040000 0.109856
4 0 5 3 1.940000 0.200000 0.040000 0.364113
4 0 5 4 1.940000 0.200000 0.040000 1.206835
4 0 5 5 1.940000 0.200000 0.040000 4.000000
4 1 0 0 1.940000 0.220000 0.000010 0.010000
4 1 0 1 1.940000 0.220000 0.000010 0.033145
4 1 0 2 1.940000 0.220000 0.000010 0.109856
4 1 0 3 1.940000 0.220000 0.000010 0.364113
4 1 0 4 1.940000 0.220000 0.000010 1.206835
4 1 0 5 1.940000 0.220000 0.000010 4.000000
4 1 1 0 1.940000 0.220000 0.000053 0.010000
4 1 1 1 1.940000 0.220000 0.000053 0.033145
4 1 1 2 1.940000 0.220000 0.000053 0.109856
4 1 1 3 1.940000 0.220000 0.000053 0.364113
4 1 1 4 1.940000 0.220000 0.000053 1.206835
4 1 1 5 1.940000 0.220000 0.000053 4.000000
4 1 2 0 1.940000 0.220000 0.000276 0.010000
4 1 2 1 1.940000 0.220000 0.000276 0.033145
4 1 2 2 1.940000 0.220000 0.000276 0.109856
4 1 2 3 1.940000 0.220000 0.000276 0.364113
4 1 2 4 1.940000 0.220000 0.000276 1.206835
4 1 2 5 1.940000 0.220000 0.000276 4.000000
4 1 3 0 1.940000 0.220000 0.001450 0.010000
4 1 3 1 1.940000 0.220000 0.001450 0.033145
4 1 3 2 1.940000 0.220000 0.001450 0.109856
4 1 3 3 1.940000 0.220000 0.001450 0.364113
4 1 3 4 1.940000 0.220000 0.001450 1.206835
4 1 3 5 1.940000 0.220000 0.001450 4.000000
4 1 4 0 1.940000 0.220000 0.007615 0.010000
4 1 4 1 1.940000 0.220000 0.007615 0.033145
4 1 4 2 1.940000 0.220000 0.007615 0.109856
4 1 4 3 1.940000 0.220000 0.007615 0.364113
4 1 4 4 1.940000 0.220000 0.007615 1.206835
4 1 4 5 1.940000 0.220000 0.007615 4.000000
4 1 5 0 1.940000 0.220000 0.040000 0.010000
4 1 5 1 1.940000 0.220000 0.040000 0.033145
4 1 5 2 1.940000 0.220000 0.040000 0.109856
4 1 5 3 1.940000 0.220000 0.040000 0.364113
4 1 5 4 1.940000 0.220000 0.040000 1.206835
4 1 5 5 1.940000 0.220000 0.040000 4.000000
4 2 0 0 1.940000 0.240000 0.000010 0.010000
4 2 0 1 1.940000 0.240000 0.000010 0.033145
4 2 0 2 1.940000 0.240000 0.000010 0.109856
4 2 0 3 1.940000 0.240000 0.000010 0.364113
4 2 0 4 1.940000 0.240000 0.000010 1.206835
4 2 0 5 1.940000 0.240000 0.000010 4.000000
4 2 1 0 1.940000 0.240000 0.000053 0.010000
4 2 1 1 1.940000 0.240000 0.000053 0.033145
4 2 1 2 1.940000 0.240000 0.000053 0.109856
4 2 1 3 1.940000 0.240000 0.000053 0.364113
4 2 1 4 1.940000 0.240000 0.000053 1.206835
4 2 1 5 1.940000 0.240000 0.000053 4.000000
4 2 2 0 1.940000 0.240000 0.000276 0.010000
4 2 2 1 1.940000 0.240000 0.000276 0.033145
4 2 2 2 1.940000 0.240000 0.000276 0.109856
4 2 2 3 1.940000 0.240000 0.000276 0.364113
4 2 2 4 1.940000 0.240000 0.000276 1.206835
4 2 2 5 1.940000 0.240000 0.000276 4.000000
4 2 3 0 1.940000 0.240000 0.001450 0.010000
4 2 3 1 1.940000 0.240000 0.001450 0.033145
4 2 3 2 1.940000 0.240000 0.001450 0.109856
4 2 3 3 1.940000 0.240000 0.001450 0.364113
4 2 3 4 1.940000 0.240000 0.001450 1.206835
4 2 3 5 1.940000 0.240000 0.001450 4.000000
4 2 4 0 1.940000 0.240000 0.007615 0.010000
4 2 4 1 1.940000 0.240000 0.007615 0.033145
4 2 4 2 1.940000 0.240000 0.007615 0.109856
4 2 4 3 1.940000 0.240000 0.007615 0.364113
4 2 4 4 1.940000 0.240000 0.007615 1.206835
4 2 4 5 1.940000 0.240000 0.007615 4.000000
4 2 5 0 1.940000 0.240000 0.040000 0.010000
4 2 5 1 1.940000 0.240000 0.040000 0.033145
4 2 5 2 1.940000 0.240000 0.040000 0.109856
4 2 5 3 1.940000 0.240000 0.040000 0.364113
4 2 5 4 1.940000 0.240000 0.040000 1.206835
4 2 5 5 1.940000 0.240000 0.040000 4.000000
4 3 0 0 1.940000 0.260000 0.000010 0.010000
4 3 0 1 1.940000 0.260000 0.000010 0.033145
4 3 0 2 1.940000 0.260000 0.000010 0.109856
4 3 0 3 1.940000 0.260000 0.000010 0.364113
4 3 0 4 1.940000 0.260000 0.000010 1.206835
4 3 0 5 1.940000 0.260000 0.000010 4.000000
4 3 1 0 1.940000 0.260000 0.000053 0.010000
4 3 1 1 1.940000 0.260000 0.000053 0.033145
4 3 1 2 1.940000 0.260000 0.000053 0.109856
4 3 1 3 1.940000 0.260000 0.000053 0.364113
4 3 1 4 1.940000 0.260000 0.000053 1.206835
4 3 1 5 1.940000 0.260000 0.000053 4.000000
4 3 2 0 1.940000 0.260000 0.000276 0.010000
4 3 2 1 1.940000 0.260000 0.000276 0.033145
4 3 2 2 1.940000 0.260000 0.000276 0.109856
4 3 2 3 1.940000 0.260000 0.000276 0.364113
4 3 2 4 1.940000 0.260000 0.000276 1.206835
4 3 2 5 1.940000 0.260000 0.000276 4.000000
4 3 3 0 1.940000 0.260000 0.001450 0.010000
4 3 3 1 1.940000 0.260000 0.001450 0.033145
4 3 3 2 1.940000 0.260000 0.001450 0.109856
4 3 3 3 1.940000 0.260000 0.001450 0.364113
4 3 3 4 1.940000 0.260000 0.001450 1.206835
4 3 3 5 1.940000 0.260000 0.001450 4.000000
4 3 4 0 1.940000 0.260000 0.007615 0.010000
4 3 4 1 1.940000 0.260000 0.007615 0.033145
4 3 4 2 1.940000 0.260000 0.007615 0.109856
4 3 4 3 1.940000 0.260000 0.007615 0.364113
4 3 4 4 1.940000 0.260000 0.007615 1.206835
4 3 4 5 1.940000 0.260000 0.007615 4.000000
4 3 5 0 1.940000 0.260000 0.040000 0.010000
4 3 5 1 1.940000 0.260000 0.040000 0.033145
4 3 5 2 1.940000 0.260000 0.040000 0.109856
4 3 5 3 1.940000 0.260000 0.040000 0.364113
4 3 5 4 1.940000 0.260000 0.040000 1.206835
4 3 5 5 1.940000 0.260000 0.040000 4.000000
4 4 0 0 1.940000 0.280000 0.000010 0.010000
4 4 0 1 1.940000 0.280000 0.000010 0.033145
4 4 0 2 1.940000 0.280000 0.000010 0.109856
4 4 0 3 1.940000 0.280000 0.000010 0.364113
4 4 0 4 1.940000 0.280000 0.000010 1.206835
4 4 0 5 1.940000 0.280000 0.000010 4.000000
4 4 1 0 1.940000 0.280000 0.000053 0.010000
4 4 1 1 1.940000 0.280000 0.000053 0.033145
4 4 1 2 1.940000 0.280000 0.000053 0.109856
4 4 1 3 1.940000 0.280000 0.000053 0.364113
4 4 1 4 1.940000 0.280000 0.000053 1.206835
4 4 1 5 1.940000 0.280000 0.000053 4.000000
4 4 2 0 1.940000 0.280000 0.000276 0.010000
4 4 2 1 1.940000 0.280000 0.000276 0.033145
4 4 2 2 1.940000 0.280000 0.000276 0.109856
4 4 2 3 1.940000 0.280000 0.000276 0.364113
4 4 2 4 1.940000 0.280000 0.000276 1.206835
4 4 2 5 1.940000 0.280000 0.000276 4.000000
4 4 3 0 1.940000 0.280000 0.001450 0.010000
4 4 3 1 1.940000 0.280000 0.001450 0.033145
4 4 3 2 1.940000 0.280000 0.001450 0.109856
4 4 3 3 1.940000 0.280000 0.001450 0.364113
4 4 3 4 1.940000 0.280000 0.001450 1.206835
4 4 3 5 1.940000 0.280000 0.001450 4.000000
4 4 4 0 1.940000 0.280000 0.007615 0.010000
4 4 4 1 1.940000 0.280000 0.007615 0.033145
4 4 4 2 1.940000 0.280000 0.007615 0.109856
4 4 4 3 1.940000 0.280000 0.007615 0.364113
4 4 4 4 1.940000 0.280000 0.007615 1.206835
4 4 4 5 1.940000 0.280000 0.007615 4.000000
4 4 5 0 1.940000 0.280000 0.040000 0.010000
4 4 5 1 1.940000 0.280000 0.040000 0.033145
4 4 5 2 1.940000 0.280000 0.040000 0.109856
4 4 5 3 1.940000 0.280000 0.040000 0.364113
4 4 5 4 1.940000 0.280000 0.040000 1.206835
4 4 5 5 1.940000 0.280000 0.040000 4.000000
4 5 0 0 1.940000 0.300000 0.000010 0.010000
4 5 0 1 1.940000 0.300000 0.000010 0.033145
4 5 0 2 1.940000 0.300000 0.000010 0.109856
4 5 0 3 1.940000 0.300000 0.000010 0.364113
4 5 0 4 1.940000 0.300000 0.000010 1.206835
4 5 0 5 1.940000 0.300000 0.000010 4.000000
4 5 1 0 1.940000 0.300000 0.000053 0.010000
4 5 1 1 1.940000 0.300000 0.000053 0.033145
4 5 1 2 1.940000 0.300000 0.000053 0.109856
4 5 1 3 1.940000 0.300000 0.000053 0.364113
4 5 1 4 1.940000 0.300000 0.000053 1.206835
4 5 1 5 1.940000 0.300000 0.000053 4.000000
4 5 2 0 1.940000 0.300000 0.000276 0.010000
4 5 2 1 1.940000 0.300000 0.000276 0.033145
4 5 2 2 1.940000 0.300000 0.000276 0.109856
4 5 2 3 1.940000 0.300000 0.000276 0.364113
4 5 2 4 1.940000 0.300000 0.000276 1.206835
4 5 2 5 1.940000 0.300000 0.000276 4.000000
4 5 3 0 1.940000 0.300000 0.001450 0.010000
4 5 3 1 1.940000 0.300000 0.001450 0.033145
4 5 3 2 1.940000 0.300000 0.001450 0.109856
4 5 3 3 1.940000 0.300000 0.001450 0.364113
4 5 3 4 1.940000 0.300000 0.001450 1.206835
4 5 3 5 1.940000 0.300000 0.001450 4.000000
4 5 4 0 1.940000 0.300000 0.007615 0.010000
4 5 4 1 1.940000 0.300000 0.007615 0.033145
4 5 4 2 1.940000 0.300000 0.007615 0.109856
4 5 4 3 1.940000 0.300000 0.007615 0.364113
4 5 4 4 1.940000 0.300000 0.007615 1.206835
4 5 4 5 1.940000 0.300000 0.007615 4.000000
4 5 5 0 1.940000 0.300000 0.040000 0.010000
4 5 5 1 1.940000 0.300000 0.040000 0.033145
4 5 5 2 1.940000 0.300000 0.040000 0.109856
4 5 5 3 1.940000 0.300000 0.040000 0.364113
4 5 5 4 1.940000 0.300000 0.040000 1.206835
4 5 5 5 1.940000 0.300000 0.040000 4.000000
5 0 0 0 2.250000 0.200000 0.000010 0.010000
5 0 0 1 2.250000 0.200000 0.000010 0.033145
5 0 0 2 2.250000 0.200000 0.000010 0.109856
5 0 0 3 2.250000 0.200000 0.000010 0.364113
5 0 0 4 2.250000 0.200000 0.000010 1.206835
5 0 0 5 2.250000 0.200000 0.000010 4.000000
5 0 1 0 2.250000 0.200000 0.000053 0.010000
5 0 1 1 2.250000 0.200000 0.000053 0.033145
5 0 1 2 2.250000 0.200000 0.000053 0.109856
5 0 1 3 2.250000 0.200000 0.000053 0.364113
5 0 1 4 2.250000 0.200000 0.000053 1.206835
5 0 1 5 2.250000 0.200000 0.000053 4.000000
5 0 2 0 2.250000 0.200000 0.000276 0.010000
5 0 2 1 2.250000 0.200000 0.000276 0.033145
5 0 2 2 2.250000 0.200000 0.000276 0.109856
5 0 2 3 2.250000 0.200000 0.000276 0.364113
5 0 2 4 2.250000 0.200000 0.000276 1.206835
5 0 2 5 2.250000 0.200000 0.000276 4.000000
5 0 3 0 2.250000 0.200000 0.001450 0.010000
5 0 3 1 2.250000 0.200000 0.001450 0.033145
5 0 3 2 2.250000 0.200000 0.001450 0.109856
5 0 3 3 2.250000 0.200000 0.001450 0.364113
5 0 3 4 2.250000 0.200000 0.001450 1.206835
5 0 3 5 2.250000 0.200000 0.001450 4.000000
5 0 4 0 2.250000 0.200000 0.007615 0.010000
5 0 4 1 2.250000 0.200000 0.007615 0.033145
5 0 4 2 2.250000 0.200000 0.007615 0.109856
5 0 4 3 2.250000 0.200000 0.007615 0.364113
5 0 4 4 2.250000 0.200000 0.007615 1.206835
5 0 4 5 2.250000 0.200000 0.007615 4.000000
5 0 5 0 2.250000 0.200000 0.040000 0.010000
5 0 5 1 2.250000 0.200000 0.040000 0.033145
5 0 5 2 2.250000 0.200000 0.040000 0.109856
5 0 5 3 2.250000 0.200000 0.040000 0.364113
5 0 5 4 2.250000 0.200000 0.040000 1.206835
5 0 5 5 2.250000 0.200000 0.040000 4.000000
5 1 0 0 2.250000 0.220000 0.000010 0.010000
5 1 0 1 2.250000 0.220000 0.000010 0.033145
5 1 0 2 2.250000 0.220000 0.000010 0.109856
5 1 0 3 2.250000 0.220000 0.000010 0.364113
5 1 0 4 2.250000 0.220000 0.000010 1.206835
5 1 0 5 2.250000 0.220000 0.000010 4.000000
5 1 1 0 2.250000 0.220000 0.000053 0.010000
5 1 1 1 2.250000 0.220000 0.000053 0.033145
5 1 1 2 2.250000 0.220000 0.000053 0.109856
5 1 1 3 2.250000 0.220000 0.000053 0.364113
5 1 1 4 2.250000 0.220000 0.000053 1.206835
5 1 1 5 2.250000 0.220000 0.000053 4.000000
5 1 2 0 2.250000 0.220000 0.000276 0.010000
5 1 2 1 2.250000 0.220000 0.000276 0.033145
5 1 2 2 2.250000 0.220000 0.000276 0.109856
5 1 2 3 2.250000 0.220000 0.000276 0.364113
5 1 2 4 2.250000 0.220000 0.000276 1.206835
5 1 2 5 2.250000 0.220000 0.000276 4.000000
5 1 3 0 2.250000 0.220000 0.001450 0.010000
5 1 3 1 2.250000 0.220000 0.001450 0.033145
5 1 3 2 2.250000 0.220000 0.001450 0.109856
5 1 3 3 2.250000 0.220000 0.001450 0.364113
5 1 3 4 2.250000 0.220000 0.001450 1.206835
5 1 3 5 2.250000 0.220000 0.001450 4.000000
5 1 4 0 2.250000 0.220000 0.007615 0.010000
5 1 4 1 2.250000 0.220000 0.007615 0.033145
5 1 4 2 2.250000 0.220000 0.007615 0.109856
5 1 4 3 2.250000 0.220000 0.007615 0.364113
5 1 4 4 2.250000 0.220000 0.007615 1.206835
5 1 4 5 2.250000 0.220000 0.007615 4.000000
5 1 5 0 2.250000 0.220000 0.040000 0.010000
5 1 5 1 2.250000 0.220000 0.040000 0.033145
5 1 5 2 2.250000 0.220000 0.040000 0.109856
5 1 5 3 2.250000 0.220000 0.040000 0.364113
5 1 5 4 2.250000 0.220000 0.040000 1.206835
5 1 5 5 2.250000 0.220000 0.040000 4.000000
5 2 0 0 2.250000 0.240000 0.000010 0.010000
5 2 0 1 2.250000 0.240000 0.000010 0.033145
5 2 0 2 2.250000 0.240000 0.000010 0.109856
5 2 0 3 2.250000 0.240000 0.000010 0.364113
5 2 0 4 2.250000 0.240000 0.000010 1.206835
5 2 0 5 2.250000 0.240000 0.000010 4.000000
5 2 1 0 2.250000 0.240000 0.000053 0.010000
5 2 1 1 2.250000 0.240000 0.000053 0.033145
5 2 1 2 2.250000 0.240000 0.000053 0.109856
5 2 1 3 2.250000 0.240000 0.000053 0.364113
5 2 1 4 2.250000 0.240000 0.000053 1.206835
5 2 1 5 2.250000 0.240000 0.000053 4.000000
5 2 2 0 2.250000 0.240000 0.000276 0.010000
5 2 2 1 2.250000 0.240000 0.000276 0.033145
5 2 2 2 2.250000 0.240000 0.000276 0.109856
5 2 2 3 2.250000 0.240000 0.000276 0.364113
5 2 2 4 2.250000 0.240000 0.000276 1.206835
5 2 2 5 2.250000 0.240000 0.000276 4.000000
5 2 3 0 2.250000 0.240000 0.001450 0.010000
5 2 3 1 2.250000 0.240000 0.001450 0.033145
5 2 3 2 2.250000 0.240000 0.001450 0.109856
5 2 3 3 2.250000 0.240000 0.001450 0.364113
5 2 3 4 2.250000 0.240000 0.001450 1.206835
5 2 3 5 2.250000 0.240000 0.001450 4.000000
5 2 4 0 2.250000 0.240000 0.007615 0.010000
5 2 4 1 2.250000 0.240000 0.007615 0.033145
5 2 4 2 2.250000 0.240000 0.007615 0.109856
5 2 4 3 2.250000 0.240000 0.007615 0.364113
5 2 4 4 2.250000 0.240000 0.007615 1.206835
5 2 4 5 2.250000 0.240000 0.007615 4.000000
5 2 5 0 2.250000 0.240000 0.040000 0.010000
5 2 5 1 2.250000 0.240000 0.040000 0.033145
5 2 5 2 2.250000 0.240000 0.040000 0.109856
5 2 5 3 2.250000 0.240000 0.040000 0.364113
5 2 5 4 2.250000 0.240000 0.040000 1.206835
5 2 5 5 2.250000 0.240000 0.040000 4.000000
5 3 0 0 2.250000 0.260000 0.000010 0.010000
5 3 0 1 2.250000 0.260000 0.000010 0.033145
5 3 0 2 2.250000 0.260000 0.000010 0.109856
5 3 0 3 2.250000 0.260000 0.000010 0.364113
5 3 0 4 2.250000 0.260000 0.000010 1.206835
5 3 0 5 2.250000 0.260000 0.000010 4.000000
5 3 1 0 2.250000 0.260000 0.000053 0.010000
5 3 1 1 2.250000 0.260000 0.000053 0.033145
5 3 1 2 2.250000 0.260000 0.000053 0.109856
5 3 1 3 2.250000 0.260000 0.000053 0.364113
5 3 1 4 2.250000 0.260000 0.000053 1.206835
5 3 1 5 2.250000 0.260000 0.000053 4.000000
5 3 2 0 2.250000 0.260000 0.000276 0.010000
5 3 2 1 2.250000 0.260000 0.000276 0.033145
5 3 2 2 2.250000 0.260000 0.000276 0.109856
5 3 2 3 2.250000 0.260000 0.000276 0.364113
5 3 2 4 2.250000 0.260000 0.000276 1.206835
5 3 2 5 2.250000 0.260000 0.000276 4.000000
5 3 3 0 2.250000 0.260000 0.001450 0.010000
5 3 3 1 2.250000 0.260000 0.001450 0.033145
5 3 3 2 2.250000 0.260000 0.001450 0.109856
5 3 3 3 2.250000 0.260000 0.001450 0.364113
5 3 3 4 2.250000 0.260000 0.001450 1.206835
5 3 3 5 2.250000 0.260000 0.001450 4.000000
5 3 4 0 2.250000 0.260000 0.007615 0.010000
5 3 4 1 2.250000 0.260000 0.007615 0.033145
5 3 4 2 2.250000 0.260000 0.007615 0.109856
5 3 4 3 2.250000 0.260000 0.007615 0.364113
5 3 4 4 2.250000 0.260000 0.007615 1.206835
5 3 4 5 2.250000 0.260000 0.007615 4.000000
5 3 5 0 2.250000 0.260000 0.040000 0.010000
5 3 5 1 2.250000 0.260000 0.040000 0.033145
5 3 5 2 2.250000 0.260000 0.040000 0.109856
5 3 5 3 2.250000 0.260000 0.040000 0.364113
5 3 5 4 2.250000 0.260000 0.040000 1.206835
5 3 5 5 2.250000 0.260000 0.040000 4.000000
5 4 0 0 2.250000 0.280000 0.000010 0.010000
5 4 0 1 2.250000 0.280000 0.000010 0.033145
5 4 0 2 2.250000 0.280000 0.000010 0.109856
5 4 0 3 2.250000 0.280000 0.000010 0.364113
5 4 0 4 2.250000 0.280000 0.000010 1.206835
5 4 0 5 2.250000 0.280000 0.000010 4.000000
5 4 1 0 2.250000 0.280000 0.000053 0.010000
5 4 1 1 2.250000 0.280000 0.000053 0.033145
5 4 1 2 2.250000 0.280000 0.000053 0.109856
5 4 1 3 2.250000 0.280000 0.000053 0.364113
5 4 1 4 2.250000 0.280000 0.000053 1.206835
5 4 1 5 2.250000 0.280000 0.000053 4.000000
5 4 2 0 2.250000 0.280000 0.000276 0.010000
5 4 2 1 2.250000 0.280000 0.000276 0.033145
5 4 2 2 2.250000 0.280000 0.000276 0.109856
5 4 2 3 2.250000 0.280000 0.000276 0.364113
5 4 2 4 2.250000 0.280000 0.000276 1.206835
5 4 2 5 2.250000 0.280000 0.000276 4.000000
5 4 3 0 2.250000 0.280000 0.001450 0.010000
5 4 3 1 2.250000 0.280000 0.001450 0.033145
5 4 3 2 2.250000 0.280000 0.001450 0.109856
5 4 3 3 2.250000 0.280000 0.001450 0.364113
5 4 3 4 2.250000 0.280000 0.001450 1.206835
5 4 3 5 2.250000 0.280000 0.001450 4.000000
5 4 4 0 2.250000 0.280000 0.007615 0.010000
5 4 4 1 2.250000 0.280000 0.007615 0.033145
5 4 4 2 2.250000 0.280000 0.007615 0.109856
5 4 4 3 2.250000 0.280000 0.007615 0.364113
5 4 4 4 2.250000 0.280000 0.007615 1.206835
5 4 4 5 2.250000 0.280000 0.007615 4.000000
5 4 5 0 2.250000 0.280000 0.040000 0.010000
5 4 5 1 2.250000 0.280000 0.040000 0.033145
5 4 5 2 2.250000 0.280000 0.040000 0.109856
5 4 5 3 2.250000 0.280000 0.040000 0.364113
5 4 5 4 2.250000 0.280000 0.040000 1.206835
5 4 5 5 2.250000 0.280000 0.040000 4.000000
5 5 0 0 2.250000 0.300000 0.000010 0.010000
5 5 0 1 2.250000 0.300000 0.000010 0.033145
5 5 0 2 2.250000 0.300000 0.000010 0.109856
5 5 0 3 2.250000 0.300000 0.000010 0.364113
5 5 0 4 2.250000 0.300000 0.000010 1.206835
5 5 0 5 2.250000 0.300000 0.000010 4.000000
5 5 1 0 2.250000 0.300000 0.000053 0.010000
5 5 1 1 2.250000 0.300000 0.000053 0.033145
5 5 1 2 2.250000 0.300000 0.000053 0.109856
5 5 1 3 2.250000 0.300000 0.000053 0.364113
5 5 1 4 2.250000 0.300000 0.000053 1.206835
5 5 1 5 2.250000 0.300000 0.000053 4.000000
5 5 2 0 2.250000 0.300000 0.000276 0.010000
5 5 2 1 2.250000 0.300000 0.000276 0.033145
5 5 2 2 2.250000 0.300000 0.000276 0.109856
5 5 2 3 2.250000 0.300000 0.000276 0.364113
5 5 2 4 2.250000 0.300000 0.000276 1.206835
5 5 2 5 2.250000 0.300000 0.000276 4.000000
5 5 3 0 2.250000 0.300000 0.001450 0.010000
5 5 3 1 2.250000 0.300000 0.001450 0.033145
5 5 3 2 2.250000 0.300000 0.001450 0.109856
5 5 3 3 2.250000 0.300000 0.001450 0.364113
5 5 3 4 2.250000 0.300000 0.001450 1.206835
5 5 3 5 2.250000 0.300000 0.001450 4.000000
5 5 4 0 2.250000 0.300000 0.007615 0.010000
5 5 4 1 2.250000 0.300000 0.007615 0.033145
5 5 4 2 2.250000 0.300000 0.007615 0.109856
5 5 4 3 2.250000 0.300000 0.007615 0.364113
5 5 4 4 2.250000 0.300000 0.007615 1.206835
5 5 4 5 2.250000 0.300000 0.007615 4.000000
5 5 5 0 2.250000 0.300000 0.040000 0.010000
5 5 5 1 2.250000 0.300000 0.040000 0.033145
5 5 5 2 2.250000 0.300000 0.040000 0.109856
5 5 5 3 2.250000 0.300000 0.040000 0.364113
5 5 5 4 2.250000 0.300000 0.040000 1.206835
5 5 5 5 2.250000 0.300000 0.040000 4.000000
